0 0.28671875 0.153125 0.1734375 0.30625
0 0.48046875 0.16015625 0.1703125 0.3203125
0 0.665625 0.1625 0.166015625 0.324609375
0 0.8796875 0.16171875 0.240625 0.323046875
0 0.88046875 0.5171875 0.238671875 0.32734375
0 0.8796875 0.8453125 0.240625 0.308984375
0 0.66328125 0.84609375 0.1859375 0.3078125
0 0.66328125 0.5171875 0.1859375 0.35
0 0.475 0.5078125 0.165234375 0.34140625
0 0.47578125 0.8421875 0.161328125 0.315625
0 0.296875 0.85 0.178515625 0.3
0 0.290625 0.5046875 0.168359375 0.308984375
1 0.09375 0.1578125 0.180859375 0.315625
1 0.09765625 0.509375 0.167578125 0.331640625
1 0.0921875 0.8453125 0.184375 0.308984375
