1 0.38984375 0.1875 0.119921875 0.303125
1 0.38984375 0.51640625 0.125 0.29375
1 0.3953125 0.82578125 0.11875 0.2953125
0 0.16796875 0.26640625 0.2953125 0.495703125
0 0.17109375 0.7484375 0.298046875 0.453125
0 0.51875 0.184375 0.1203125 0.31328125
0 0.5203125 0.515625 0.1234375 0.3125
0 0.51875 0.82578125 0.11328125 0.2953125
0 0.646875 0.82421875 0.09921875 0.296875
0 0.6390625 0.5203125 0.112890625 0.287109375
0 0.6421875 0.19296875 0.11484375 0.3359375
0 0.765625 0.18359375 0.106640625 0.325
0 0.76015625 0.525 0.121875 0.30625
0 0.7625 0.8265625 0.124609375 0.2875
0 0.91484375 0.825 0.1703125 0.3125
0 0.9125 0.51875 0.174609375 0.287890625
0 0.91640625 0.18515625 0.1671875 0.3203125
