1 0.38828125 0.18671875 0.11796875 0.2984375
1 0.38828125 0.5109375 0.12265625 0.2890625
1 0.39375 0.81484375 0.11640625 0.290625
0 0.1703125 0.26484375 0.290625 0.48828125
0 0.1734375 0.73828125 0.29296875 0.4453125
0 0.515625 0.18359375 0.11875 0.30859375
0 0.51640625 0.509375 0.12109375 0.30703125
0 0.51484375 0.81484375 0.1125 0.290625
0 0.64140625 0.81328125 0.096875 0.2921875
0 0.63359375 0.5140625 0.1109375 0.28203125
0 0.6359375 0.1921875 0.11171875 0.33046875
0 0.75859375 0.1828125 0.10546875 0.31953125
0 0.75234375 0.51875 0.11953125 0.3015625
0 0.7546875 0.815625 0.12265625 0.2828125
0 0.9078125 0.815625 0.16953125 0.30703125
0 0.90625 0.5140625 0.175 0.28203125
0 0.90859375 0.1859375 0.16640625 0.3140625
