1 0.37265625 0.18359375 0.121875 0.308203125
1 0.37265625 0.51953125 0.12734375 0.29921875
1 0.37890625 0.834375 0.120703125 0.300390625
0 0.1484375 0.26328125 0.296875 0.5046875
0 0.15 0.75390625 0.3 0.4609375
0 0.50390625 0.18046875 0.12265625 0.31953125
0 0.50546875 0.51796875 0.126171875 0.317578125
0 0.50390625 0.834375 0.115625 0.300390625
0 0.634375 0.83203125 0.100390625 0.301953125
0 0.6265625 0.52265625 0.115234375 0.2921875
0 0.62890625 0.18984375 0.115625 0.3421875
0 0.75546875 0.1796875 0.109375 0.33125
0 0.74921875 0.528125 0.12421875 0.3125
0 0.7515625 0.83515625 0.1265625 0.29296875
0 0.909375 0.83515625 0.175 0.31796875
0 0.9078125 0.52265625 0.18125 0.2921875
0 0.9109375 0.18359375 0.171875 0.325
