0 0.2953125 0.17890625 0.165625 0.3
0 0.48046875 0.1859375 0.16171875 0.31328125
0 0.6546875 0.18515625 0.156640625 0.320703125
0 0.87109375 0.1875 0.254296875 0.316015625
0 0.871875 0.528125 0.255859375 0.308984375
0 0.87109375 0.84453125 0.2578125 0.304296875
0 0.65234375 0.846875 0.175 0.303515625
0 0.6515625 0.528125 0.175390625 0.33125
0 0.4734375 0.51953125 0.155859375 0.323828125
0 0.4734375 0.84296875 0.153125 0.3140625
0 0.303125 0.85 0.16875 0.3
0 0.2984375 0.51640625 0.159375 0.2921875
1 0.11328125 0.18359375 0.170703125 0.308203125
1 0.115625 0.5203125 0.159375 0.31484375
1 0.11015625 0.84375 0.1765625 0.30078125
