0 0.29375 0.1765625 0.16328125 0.2953125
0 0.47578125 0.1828125 0.15859375 0.30859375
0 0.646875 0.18203125 0.1546875 0.315625
0 0.86015625 0.184375 0.25 0.3109375
0 0.8625 0.5203125 0.253125 0.3046875
0 0.8609375 0.83203125 0.25234375 0.29921875
0 0.6453125 0.8328125 0.17265625 0.29921875
0 0.64375 0.51953125 0.1734375 0.32578125
0 0.46875 0.5109375 0.153125 0.31875
0 0.46953125 0.834375 0.15078125 0.3171875
0 0.30234375 0.8375 0.1671875 0.29453125
0 0.296875 0.5078125 0.15625 0.2875
1 0.11484375 0.18046875 0.16875 0.30390625
1 0.1171875 0.51171875 0.15625 0.309375
1 0.11171875 0.8296875 0.1734375 0.2953125
